{
 "cells": [
  {
   "cell_type": "code",
   "execution_count": 85,
   "metadata": {},
   "outputs": [],
   "source": [
    "import numpy as np\n",
    "from scipy.stats import multivariate_normal\n",
    "from sklearn.preprocessing import StandardScaler\n",
    "import pandas as pd\n",
    "import matplotlib.pyplot as plt\n",
    "from sklearn.mixture import GaussianMixture\n",
    "from sklearn import datasets\n",
    "from sklearn.decomposition import PCA\n",
    "from sklearn.mixture import GaussianMixture\n",
    "from sklearn.cluster import KMeans\n",
    "from sklearn.metrics import silhouette_score, silhouette_samples\n"
   ]
  },
  {
   "cell_type": "code",
   "execution_count": 86,
   "metadata": {},
   "outputs": [],
   "source": [
    "# class GMM:\n",
    "#     def __init__(self, n_components, iterations=100, threshold=0.004, min_covar=5e-9):\n",
    "#         self.n_components = n_components\n",
    "#         self.means_ = None\n",
    "#         self.covariances_ = None\n",
    "#         self.prior_ = None\n",
    "#         self.wij = None\n",
    "#         self.iterations = iterations\n",
    "#         self.threshold = threshold\n",
    "#         self.converged = False\n",
    "#         self.log_likelihood_trace = []\n",
    "#         self.min_covar = min_covar\n",
    "\n",
    "#     def initialize_parameters(self, data):\n",
    "#         n_samples, n_features = data.shape\n",
    "#         np.random.seed(42)\n",
    "#         self.wij = np.zeros((n_samples, self.n_components))\n",
    "#         chosen = np.random.choice(n_samples, self.n_components, replace=False)\n",
    "#         self.means_ = data[chosen]\n",
    "#         self.prior_ = np.full(self.n_components, 1 / self.n_components)\n",
    "#         self.covariances_ = np.tile(np.identity(n_features), (self.n_components, 1, 1))\n",
    "#         return self.means_, self.covariances_, self.prior_\n",
    "\n",
    "#     def fit(self, data):\n",
    "#         means_, covariances_, prior_ = self.initialize_parameters(data)\n",
    "#         log_likelihood = 0\n",
    "#         for _ in range(self.iterations):\n",
    "#             new_log_likelihood = self.expectation_step(data)\n",
    "#             self.maximization_step(data)\n",
    "#             if abs(new_log_likelihood - log_likelihood) <= self.threshold:\n",
    "#                 self.converged = True\n",
    "#                 break\n",
    "#             log_likelihood = new_log_likelihood\n",
    "#             self.log_likelihood_trace.append(log_likelihood)\n",
    "#         return means_, covariances_, prior_\n",
    "\n",
    "#     def get_parameters(self):\n",
    "#         return self.means_, self.covariances_, self.prior_\n",
    "\n",
    "#     def expectation_step(self, X):\n",
    "#         for component in range(self.n_components):\n",
    "#             self.wij[:, component] = self.prior_[component] * multivariate_normal(self.means_[component], self.covariances_[component]).pdf(X)\n",
    "#         epsilon = 1e-16\n",
    "#         log_likelihood = np.sum(np.log(np.sum(self.wij, axis=1) + epsilon))\n",
    "#         self.wij = self.wij / (self.wij.sum(axis=1, keepdims=1) + epsilon)\n",
    "#         return log_likelihood\n",
    "\n",
    "#     def maximization_step(self, X):\n",
    "#         responsibility_weight_sum = self.wij.sum(axis=0)\n",
    "#         self.prior_ = responsibility_weight_sum / X.shape[0]\n",
    "#         self.means_ = np.dot(self.wij.T, X) / responsibility_weight_sum.reshape(-1, 1)\n",
    "#         for component in range(self.n_components):\n",
    "#             self.covariances_[component] = np.dot(self.wij[:, component] * (X - self.means_[component]).T, (X - self.means_[component])) / responsibility_weight_sum[component]\n",
    "#             self.covariances_[component] += self.min_covar * np.identity(X.shape[1])\n",
    "\n",
    "\n",
    "class GMM:\n",
    "    def __init__(self, n_components, iterations=100, threshold=1e-4, min_covar=1e-6):\n",
    "        self.n_components = n_components\n",
    "        self.means_ = None\n",
    "        self.covariances_ = None\n",
    "        self.prior_ = None\n",
    "        self.wij = None\n",
    "        self.iterations = iterations\n",
    "        self.threshold = threshold\n",
    "        self.converged = False\n",
    "        self.log_likelihood_trace = []\n",
    "        self.min_covar = min_covar\n",
    "        # means_, covariances_, prior_ = self.initialize_parameters(data)\n",
    "    def initialize_parameters(self, data):\n",
    "        n_samples, n_features = data.shape\n",
    "        # np.random.seed(1)\n",
    "        self.wij = np.zeros((n_samples, self.n_components))\n",
    "        chosen = np.random.choice(n_samples, self.n_components, replace=False)\n",
    "        self.means_ = data[chosen]\n",
    "        self.prior_ = np.full(self.n_components, 1 / self.n_components)\n",
    "        self.covariances_ = np.tile(np.identity(n_features), (self.n_components, 1, 1))\n",
    "        return self.means_, self.covariances_, self.prior_\n",
    "\n",
    "    def fit(self, data):\n",
    "        means_, covariances_, prior_ = self.initialize_parameters(data)\n",
    "        log_likelihood = 0\n",
    "        for _ in range(self.iterations):\n",
    "            new_log_likelihood = self.expectation_step(data)\n",
    "            self.maximization_step(data)\n",
    "            if abs(new_log_likelihood - log_likelihood) <= self.threshold:\n",
    "                self.converged = True\n",
    "                break\n",
    "            log_likelihood = new_log_likelihood\n",
    "            self.log_likelihood_trace.append(log_likelihood)\n",
    "        return means_, covariances_, prior_\n",
    "\n",
    "    def get_parameters(self):\n",
    "        return self.means_, self.covariances_, self.prior_\n",
    "\n",
    "    def expectation_step(self, X):\n",
    "        for component in range(self.n_components):\n",
    "            self.wij[:, component] = self.prior_[component] * multivariate_normal(self.means_[component], self.covariances_[component]).pdf(X)\n",
    "        epsilon = 1e-16\n",
    "        log_likelihood = np.sum(np.log(np.sum(self.wij, axis=1) + epsilon))\n",
    "        self.wij = self.wij / (self.wij.sum(axis=1, keepdims=1) + epsilon)\n",
    "        return log_likelihood\n",
    "\n",
    "    def maximization_step(self, X):\n",
    "        responsibility_weight_sum = self.wij.sum(axis=0)\n",
    "        self.prior_ = responsibility_weight_sum / X.shape[0]\n",
    "        self.means_ = np.dot(self.wij.T, X) / responsibility_weight_sum.reshape(-1, 1)\n",
    "        for component in range(self.n_components):\n",
    "            self.covariances_[component] = np.dot(self.wij[:, component] * (X - self.means_[component]).T, (X - self.means_[component])) / responsibility_weight_sum[component]\n",
    "            self.covariances_[component] += self.min_covar * np.identity(X.shape[1])\n",
    "\n",
    "\n"
   ]
  },
  {
   "cell_type": "code",
   "execution_count": 87,
   "metadata": {},
   "outputs": [
    {
     "name": "stdout",
     "output_type": "stream",
     "text": [
      "199\n",
      "[[[ 1.00000000e-06  9.29376754e-29  2.39037225e-30  2.52739996e-30\n",
      "    8.51246576e-29 -4.20218306e-30 -3.15772742e-29]\n",
      "  [ 9.29376754e-29  1.00000000e-06  1.37027709e-30  1.41595299e-30\n",
      "    4.79673106e-29 -2.16199273e-30 -1.66869298e-29]\n",
      "  [ 2.39037225e-30  1.37027709e-30  9.66129307e-01  3.05791591e-01\n",
      "    8.55382855e-01  1.15164748e-01  8.44888740e-02]\n",
      "  [ 2.58830116e-30  1.32460118e-30  3.05791591e-01  1.10753771e+00\n",
      "    2.66312799e-01  7.11344030e-01  5.10091863e-01]\n",
      "  [ 8.52160094e-29  4.79673106e-29  8.55382855e-01  2.66312799e-01\n",
      "    1.00472122e+00  1.14717498e-01  5.94647387e-02]\n",
      "  [-4.20218306e-30 -2.16199273e-30  1.15164748e-01  7.11344030e-01\n",
      "    1.14717498e-01  1.05849757e+00  6.03876245e-01]\n",
      "  [-3.15772742e-29 -1.66869298e-29  8.44888740e-02  5.10091863e-01\n",
      "    5.94647387e-02  6.03876245e-01  1.04300491e+00]]\n",
      "\n",
      " [[ 7.73031064e-01 -1.31079611e-31 -2.55026047e-02 -6.60469659e-02\n",
      "   -4.01633205e-03 -1.15811967e-01 -1.65440033e-01]\n",
      "  [-1.32668455e-31  1.00000000e-06 -6.27593291e-32 -3.25712974e-32\n",
      "   -2.47641163e-30 -3.33657193e-32  1.11219064e-32]\n",
      "  [-2.55026047e-02 -6.05746689e-32  9.75735509e-01  3.39059330e-01\n",
      "    6.87726985e-01  8.07118265e-02  7.56628104e-02]\n",
      "  [-6.60469659e-02 -3.09824536e-32  3.39059330e-01  9.21376194e-01\n",
      "    2.99389877e-01  6.17403957e-01  4.02697703e-01]\n",
      "  [-4.01633205e-03 -2.47819908e-30  6.87726985e-01  2.99389877e-01\n",
      "    7.30654867e-01  9.10617208e-02  1.28554505e-01]\n",
      "  [-1.15811967e-01 -3.25712974e-32  8.07118265e-02  6.17403957e-01\n",
      "    9.10617208e-02  9.03919463e-01  4.78735541e-01]\n",
      "  [-1.65440033e-01  1.27107502e-32  7.56628104e-02  4.02697703e-01\n",
      "    1.28554505e-01  4.78735541e-01  9.23223466e-01]]\n",
      "\n",
      " [[ 1.00000000e-06 -1.42981039e-30  2.52834227e-33 -1.64342248e-31\n",
      "    2.61683425e-31 -3.51439576e-31  3.94430453e-31]\n",
      "  [-1.42981039e-30  1.00000000e-06 -4.04534764e-32  1.22877435e-30\n",
      "   -1.71927275e-30  2.42720858e-30 -2.85962078e-30]\n",
      "  [ 2.52834227e-33 -6.06802146e-32  7.17593460e-01  1.51805656e-01\n",
      "    4.87041716e-01 -2.92239075e-02  5.05668455e-33]\n",
      "  [-1.64342248e-31  1.22877435e-30  1.51805656e-01  3.05595968e-01\n",
      "    2.23202026e-01  2.08191615e-01 -3.28684496e-31]\n",
      "  [ 2.61683425e-31 -1.71927275e-30  4.87041716e-01  2.23202026e-01\n",
      "    8.18314079e-01  5.14786303e-02  5.20838508e-31]\n",
      "  [-3.51439576e-31  2.42720858e-30 -2.92239075e-02  2.08191615e-01\n",
      "    5.14786303e-02  4.82724884e-01 -7.00350810e-31]\n",
      "  [ 3.94430453e-31 -2.85962078e-30  5.05668455e-33 -3.28684496e-31\n",
      "    5.20838508e-31 -7.00350810e-31  1.00000000e-06]]\n",
      "\n",
      " [[ 1.00000000e-06  0.00000000e+00  0.00000000e+00  0.00000000e+00\n",
      "    0.00000000e+00  0.00000000e+00  0.00000000e+00]\n",
      "  [ 0.00000000e+00  1.00000000e-06 -8.96432847e-33  2.24108212e-33\n",
      "   -1.12054106e-32 -1.84889275e-32  0.00000000e+00]\n",
      "  [ 0.00000000e+00 -8.96432847e-33  5.22325559e-01 -1.11585057e-01\n",
      "    2.90557071e-01  0.00000000e+00  0.00000000e+00]\n",
      "  [ 0.00000000e+00  2.24108212e-33 -1.11585057e-01  1.44279073e-01\n",
      "   -2.90742402e-02 -8.40405794e-34  0.00000000e+00]\n",
      "  [ 0.00000000e+00 -1.12054106e-32  2.90557071e-01 -2.90742402e-02\n",
      "    2.29852895e-01  2.24108212e-33  0.00000000e+00]\n",
      "  [ 0.00000000e+00 -1.84889275e-32  0.00000000e+00 -8.40405794e-34\n",
      "    2.24108212e-33  1.00000000e-06  0.00000000e+00]\n",
      "  [ 0.00000000e+00  0.00000000e+00  0.00000000e+00  0.00000000e+00\n",
      "    0.00000000e+00  0.00000000e+00  1.00000000e-06]]\n",
      "\n",
      " [[ 1.00000000e-06  0.00000000e+00  0.00000000e+00  0.00000000e+00\n",
      "    0.00000000e+00  0.00000000e+00  0.00000000e+00]\n",
      "  [ 0.00000000e+00  1.00000000e-06 -1.68135918e-33 -5.60453061e-34\n",
      "   -1.06486082e-32  1.40113265e-32  1.12090612e-33]\n",
      "  [ 0.00000000e+00 -1.40113265e-33  5.16359200e-02  3.25309442e-02\n",
      "    3.88157229e-02  3.64568651e-02  2.86522541e-02]\n",
      "  [ 0.00000000e+00 -5.60453061e-34  3.25309442e-02  1.55269042e-01\n",
      "    2.30596131e-01  2.16582648e-01  1.70217079e-01]\n",
      "  [ 0.00000000e+00 -1.06486082e-32  3.88157229e-02  2.30596131e-01\n",
      "    4.13839239e-01  3.88689010e-01  3.05479263e-01]\n",
      "  [ 0.00000000e+00  1.17695143e-32  3.64568651e-02  2.16582648e-01\n",
      "    3.88689010e-01  3.65069116e-01  2.86915081e-01]\n",
      "  [ 0.00000000e+00  0.00000000e+00  2.86522541e-02  1.70217079e-01\n",
      "    3.05479263e-01  2.86915081e-01  2.25493889e-01]]]\n",
      "[[[ 1.00000000e-06  9.29376754e-29  2.02496503e-30  2.25334454e-30\n",
      "    8.47592504e-29 -4.26308426e-30 -3.16990766e-29]\n",
      "  [ 9.29376754e-29  1.00000000e-06  1.24847468e-30  1.27892528e-30\n",
      "    4.78150576e-29 -2.25334454e-30 -1.67173804e-29]\n",
      "  [ 2.02496503e-30  1.24847468e-30  9.66129307e-01  3.05791591e-01\n",
      "    8.55382855e-01  1.15164748e-01  8.44888740e-02]\n",
      "  [ 2.25334454e-30  1.27892528e-30  3.05791591e-01  1.10753771e+00\n",
      "    2.66312799e-01  7.11344030e-01  5.10091863e-01]\n",
      "  [ 8.47592504e-29  4.78150576e-29  8.55382855e-01  2.66312799e-01\n",
      "    1.00472122e+00  1.14717498e-01  5.94647387e-02]\n",
      "  [-4.26308426e-30 -2.25334454e-30  1.15164748e-01  7.11344030e-01\n",
      "    1.14717498e-01  1.05849757e+00  6.03876245e-01]\n",
      "  [-3.16990766e-29 -1.67173804e-29  8.44888740e-02  5.10091863e-01\n",
      "    5.94647387e-02  6.03876245e-01  1.04300491e+00]]\n",
      "\n",
      " [[ 1.00456275e+00 -3.51771433e-32 -7.11079637e-02  1.28364859e-01\n",
      "   -6.04233244e-33  1.60757929e-01  2.89816726e-01]\n",
      "  [-3.44592424e-32  1.00000000e-06 -1.74210614e-31 -9.57201178e-34\n",
      "    9.24446373e-33 -4.02024495e-32 -3.92452483e-32]\n",
      "  [-7.11079637e-02 -1.72296212e-31  1.93737066e-01  6.38721709e-02\n",
      "   -3.25448401e-32  9.90010747e-03 -4.05538818e-02]\n",
      "  [ 1.28364859e-01 -1.43580177e-33  6.38721709e-02  5.97497660e-01\n",
      "   -1.19650147e-34  3.46194518e-01  1.92574721e-01]\n",
      "  [-5.98250736e-33  9.24446373e-33 -3.25448401e-32  5.38425663e-34\n",
      "    1.00000000e-06 -6.93970854e-33 -6.34145781e-33]\n",
      "  [ 1.60757929e-01 -4.02024495e-32  9.90010747e-03  3.46194518e-01\n",
      "   -6.64058317e-33  5.83682170e-01  2.34886165e-01]\n",
      "  [ 2.89816726e-01 -3.54164436e-32 -4.05538818e-02  1.92574721e-01\n",
      "   -6.58075810e-33  2.34886165e-01  7.59582532e-01]]\n",
      "\n",
      " [[ 1.00000000e-06 -5.17689969e-30  2.65908170e-32 -8.19883525e-31\n",
      "    1.08135989e-30 -9.30678596e-31  2.04527701e-30]\n",
      "  [-5.17689969e-30  1.00000000e-06 -1.24090479e-31  1.73726671e-30\n",
      "   -2.26908305e-30  1.98544767e-30 -4.40521202e-30]\n",
      "  [ 2.65908170e-32 -1.24090479e-31  6.89427989e-01  1.08146934e-01\n",
      "    4.96384895e-01 -8.08438541e-02 -1.05651763e-02]\n",
      "  [-8.19883525e-31  1.73726671e-30  1.08146934e-01  3.22642997e-01\n",
      "    1.82154638e-01  2.73636329e-01  6.13281373e-02]\n",
      "  [ 1.08135989e-30 -2.26908305e-30  4.96384895e-01  1.82154638e-01\n",
      "    8.62347508e-01 -2.27548607e-02  2.16416833e-02]\n",
      "  [-9.30678596e-31  1.98544767e-30 -8.08438541e-02  2.73636329e-01\n",
      "   -2.27548607e-02  6.27533429e-01  1.10274325e-01]\n",
      "  [ 2.04527701e-30 -4.40521202e-30 -1.05651763e-02  6.13281373e-02\n",
      "    2.16416833e-02  1.10274325e-01  1.02595241e-01]]\n",
      "\n",
      " [[ 1.00000000e-06  1.18329136e-30 -1.24759662e-31 -3.66940181e-31\n",
      "   -1.09164704e-31 -5.54079673e-31 -9.86076132e-32]\n",
      "  [ 1.18329136e-30  1.00000000e-06 -1.61453680e-31 -5.43071468e-31\n",
      "   -1.35767867e-31 -8.18276604e-31 -1.47911420e-31]\n",
      "  [-1.15586157e-31 -1.76131287e-31  8.38287375e-01  1.31462296e-01\n",
      "    6.27239845e-01 -4.78924062e-02  1.44482696e-32]\n",
      "  [-3.81617788e-31 -5.50410272e-31  1.31462296e-01  4.92962261e-01\n",
      "    1.19753748e-01  3.39726857e-01  4.77022235e-32]\n",
      "  [-1.02743251e-31 -1.62371030e-31  6.27239845e-01  1.19753748e-01\n",
      "    6.15544453e-01 -4.01092319e-02  1.28429063e-32]\n",
      "  [-5.55914374e-31 -8.21946006e-31 -4.78924062e-02  3.39726857e-01\n",
      "   -4.01092319e-02  6.64554075e-01  6.97186344e-32]\n",
      "  [-9.86076132e-32 -1.47911420e-31  1.55949577e-32  4.58675226e-32\n",
      "    1.37602568e-32  6.97186344e-32  1.00000000e-06]]\n",
      "\n",
      " [[ 9.75310029e-01 -4.38933743e-31  1.02876195e-01  1.84593328e-01\n",
      "    3.63432327e-02  1.60737417e-01  2.14927661e-01]\n",
      "  [-4.38933743e-31  1.00000000e-06  2.45593880e-30 -1.19139159e-30\n",
      "   -3.06469810e-30  1.82889060e-30  6.89753025e-31]\n",
      "  [ 1.02876195e-01  2.45593880e-30  7.58071723e-01 -2.46566183e-02\n",
      "    2.37274028e-02 -8.11092431e-02 -1.68052909e-01]\n",
      "  [ 1.84593328e-01 -1.19139159e-30 -2.46566183e-02  1.34225599e+00\n",
      "   -5.04059770e-02  7.94406160e-01  2.41004818e-01]\n",
      "  [ 3.63432327e-02 -3.06469810e-30  2.37274028e-02 -5.04059770e-02\n",
      "    3.69118479e-01  1.24581914e-02  9.73207175e-02]\n",
      "  [ 1.60737417e-01  1.82889060e-30 -8.11092431e-02  7.94406160e-01\n",
      "    1.24581914e-02  9.52581250e-01  2.67724900e-01]\n",
      "  [ 2.14927661e-01  6.89753025e-31 -1.68052909e-01  2.41004818e-01\n",
      "    9.73207175e-02  2.67724900e-01  6.33423184e-01]]]\n",
      "\n",
      "[0.4145     0.49649998 0.07800179 0.0055     0.00549821]\n",
      "[0.4145     0.2060332  0.089      0.21498352 0.07548328]\n",
      "\n",
      "[[-0.91739884 -0.99302433  0.27112644  0.21807227 -0.41340741  0.18345643\n",
      "   0.2930841 ]\n",
      " [ 0.57049027  1.00702467 -0.21467583 -0.07404432  0.37664378 -0.0296968\n",
      "  -0.09772234]\n",
      " [ 1.09003844 -0.99302433 -0.01851353 -0.67300549 -0.10617116 -0.84778992\n",
      "  -0.90972951]\n",
      " [ 1.09003844 -0.99302433 -0.1163785  -0.00824308  0.08823625  0.29682303\n",
      "   0.32129825]\n",
      " [ 1.09003844 -0.99302433 -0.67497884 -0.19770482 -1.42775169  0.58170643\n",
      "  -0.68583337]]\n",
      "[[-0.91739884 -0.99302433  0.27112644  0.21807227 -0.41340741  0.18345643\n",
      "   0.2930841 ]\n",
      " [ 0.14007254  1.00702467 -0.6553464  -0.04916393 -0.06337243  0.28933117\n",
      "   0.44961682]\n",
      " [ 1.09003844 -0.99302433 -0.06511624 -0.60256172 -0.17580133 -0.68874452\n",
      "  -0.81982299]\n",
      " [ 1.09003844  1.00702467 -0.31157267 -0.48326293  0.28570673 -0.56289419\n",
      "  -0.90972951]\n",
      " [ 0.26560193  1.00702467  1.26411498  1.02353798  1.83667531  0.61810663\n",
      "   0.72097747]]\n"
     ]
    }
   ],
   "source": [
    "data = pd.read_csv('data.csv')\n",
    "X = data[['Gender', 'Marital status', 'Age', 'Income', 'Education', 'Occupation', 'Settlement size', ]].values\n",
    "n_components = 5\n",
    "scaler = StandardScaler()\n",
    "X_standardized = scaler.fit_transform(X)\n",
    "for i in range(199,200):\n",
    "    # print(i)\n",
    "    np.random.seed(7)\n",
    "    gmm = GMM(n_components=n_components)\n",
    "    gmm1 = GaussianMixture(n_components=n_components, tol=1e-4,random_state=79)\n",
    "    # gmm1.means_init, gmm1.covariances_init, gmm1.weights_init = gmm.initialize_parameters(X_standardized)\n",
    "    # gmm1.covariances_init = gmm.covariances_\n",
    "    # gmm1.weights_init = gmm.prior_\n",
    "    # print(gmm1.weights_init)\n",
    "    means,cov,proba = gmm.fit(X_standardized)\n",
    "    gmm1.fit(X_standardized)\n",
    "    # print(gmm1.means_)\n",
    "    # print(gmm.means_)\n",
    "    # print(gmm.covariances_)\n",
    "    # print(gmm.prior_)\n",
    "    labels = gmm1.predict(X_standardized)\n",
    "    probs = gmm1.predict_proba(X_standardized)\n",
    "    weights = gmm1.weights_\n",
    "    means = gmm1.means_\n",
    "    covariances = gmm1.covariances_\n",
    "    if(gmm.prior_[0] == weights[0]):\n",
    "        print(i)\n",
    "        # break\n",
    "    print(gmm.covariances_)\n",
    "    print(covariances)\n",
    "    print()\n",
    "    print(gmm.prior_)\n",
    "    print(weights)\n",
    "    print()\n",
    "    print(gmm.means_)\n",
    "    print(means)\n"
   ]
  },
  {
   "cell_type": "code",
   "execution_count": 186,
   "metadata": {},
   "outputs": [],
   "source": [
    "wine = datasets.load_wine()\n",
    "X = wine.data\n",
    "y = wine.target"
   ]
  },
  {
   "cell_type": "code",
   "execution_count": 187,
   "metadata": {},
   "outputs": [],
   "source": [
    "scaler = StandardScaler()\n",
    "X_scaled = scaler.fit_transform(X)\n"
   ]
  },
  {
   "cell_type": "code",
   "execution_count": 188,
   "metadata": {},
   "outputs": [],
   "source": [
    "pca = PCA(n_components=2)\n",
    "X_pca = pca.fit_transform(X_scaled)\n",
    "\n",
    "def calculate_aic_bic(data, n_clusters):\n",
    "    gmm = GMM(n_components=n_clusters)\n",
    "    gmm.fit(data)\n",
    "    # log_likelihood = gmm.score(data)\n",
    "    log_likelihood = gmm.log_likelihood_trace[-1]\n",
    "    num_params = n_clusters * ((data.shape[1]+1)*(data.shape[1]+ 2))/2 - 1  # GMM parameters\n",
    "    aic = 2 * num_params - 2 * log_likelihood\n",
    "    bic = np.log(data.shape[0]) * num_params - 2 * log_likelihood\n",
    "    return aic,bic\n"
   ]
  },
  {
   "cell_type": "code",
   "execution_count": 189,
   "metadata": {},
   "outputs": [
    {
     "data": {
